

../../../bin/assess reg alg x1.out
       x(Te)            G            H            S           Cp 
       0.001     -109.467     -47.1683    0.0622989   0.00137288 
       0.201     -12330.1     -9186.41      3.14368     0.387062 
       0.401     -19635.2     -17170.6       2.4646      1.85841 
       0.601     -18843.7       -16121      2.72262      2.13584 
       0.801     -11378.5     -8079.31      3.29923     0.543596 
       0.999     -103.723     -40.4814    0.0632414   0.00205153 


../../../bin/assess reg algnum x1.out
       x(Te)            G            H            S           Cp 
       0.001     -109.467     -47.1683    0.0622989   0.00137319 
       0.201     -12330.1     -9186.41      3.14368     0.387061 
       0.401     -19635.2     -17170.6       2.4646      1.85841 
       0.601     -18843.7       -16121      2.72262      2.13584 
       0.801     -11378.5     -8079.31      3.29923     0.543596 
       0.999     -103.723     -40.4814    0.0632414   0.00205184 


../../../bin/assess ideal alg x1.out
       x(Te)            G            H            S           Cp 
       0.001     -139.957     -19.9928     0.119964   1.7372e-05 
       0.201     -9801.86     -3633.97      6.16788     0.746608 
       0.401     -13476.1     -5926.27      7.54981      2.45384 
       0.601     -13458.2      -5913.4      7.54484      2.43997 
       0.801        -9744     -3602.75      6.14124     0.731933 
       0.999     -139.957     -19.9928     0.119964   1.7372e-05 


../../../bin/assess ideal algnum x1.out
       x(Te)            G            H            S           Cp 
       0.001     -139.957     -19.9928     0.119964  1.72537e-05 
       0.201     -9801.86     -3633.97      6.16788     0.746609 
       0.401     -13476.1     -5926.27      7.54981      2.45384 
       0.601     -13458.2      -5913.4      7.54484      2.43997 
       0.801        -9744     -3602.75      6.14124     0.731933 
       0.999     -139.957     -19.9928     0.119964  1.72614e-05 


