

../../bin/assess pass1
          x1           x2 
           2            4 


../../bin/assess pass2
          x1           x2 
           1           10 
           2           20 
           3           30 
           4           40 
           5           50 
           6           60 
           7           70 
           8           80 
           9           90 
          10          100 


../../bin/assess pass3
          x1           x2            f 
           1           10      4.47685 
           2           20      10.6046 
           3           30      21.4001 
           4           40      57.6458 
           5           50      150.453 
           6           60      405.427 
           7           70      1099.71 
           8           80      2982.27 
           9           90      8106.28 
          10          100      22028.3 


../../bin/assess prop
           T            S 
     730.212         6.39 


